000000000000000000000000000000000000000000000
000000000000000000000000000000000000000000000
000000000000000000000000000000000000000000000
000000000000000000000000000000000000000000000
000000000000000000000000000000000000000000000
000000000000000000000000000000000000000000000
000000000000000000000000000000000000000000000
000000000000000000000000000000000000000000000
000000000000000000000000000000000000000000000
000000000000000000000000000000000000000000000
000000000000000000000000000000000000000000000
000000000000000000000000000000000000000000000
000011100000000111110000000000000000000000000
000011100000000111110000000000000000000000000
000011100000000111110000000000000000000000000
000011100000000111110000000000000000000000000
000011100000000111110000000000000000000000000
000011100000000111110000000000000000000000000
000011100000000111110000000000000000000000000
000011100000000111110000000000000000000000000
000011100000000111110000000000000000000000000
000000000000000000000000000000000000000000000
000000000000000000000000000000000000000000000
000000000000000000000000000000000000000000000
000000000000000000000000000000000000000000000
000000000000000000011000000000000000000000000
000000000000000000011000000000000000000000000
000000000000000000011000000000000000000000000
000000000000000000011000000000000000000000000
000000000000000000011000000000000000000000000
000000000000000000011000000000000000000000000
000000000000000000011000000000000000000000000
000000000000000000000000000000000000000000000
000000000000000000000000000000000000000000000
000000000000000000000000011111111110000000000
000000000000000000000000011111111110000000000
000000000000000000000000011111111110000000000
000000000000000000000000000000000000000000000
000000000000000000000000000000000000000000000
000000000000000000000000000000000000000000000
000000000000000000000000000000000000000000000
000000000000000000000000000000000000000000000
000000000000000000000000000000000000000000000
000000000000000000000000000000000000000000000
